0 0.2078125 0.8609375 0.1671875 0.09453125
0 0.04375 0.834375 0.0875 0.09609375
0 0.034375 0.6515625 0.01640625 0.0640625
0 0.10078125 0.61328125 0.08359375 0.0546875
0 0.10703125 0.65625 0.0359375 0.08359375
0 0.1765625 0.6890625 0.10625 0.06875
0 0.1671875 0.784375 0.07890625 0.071875
0 0.16796875 0.609375 0.03125 0.05
0 0.2484375 0.76953125 0.0765625 0.03984375
0 0.2515625 0.63046875 0.0375 0.0484375
0 0.340625 0.78515625 0.0734375 0.08984375
0 0.37734375 0.5703125 0.07734375 0.05625
0 0.3984375 0.6375 0.08515625 0.0671875
0 0.42421875 0.86484375 0.10625 0.10625
0 0.4578125 0.73125 0.0859375 0.09453125
0 0.6515625 0.69453125 0.36484375 0.38359375
0 0.77421875 0.57421875 0.03359375 0.046875
0 0.81640625 0.6234375 0.0796875 0.05
0 0.85625 0.65859375 0.0625 0.02109375
0 0.9484375 0.64140625 0.07734375 0.08203125