0 0.821875 0.6796875 0.14375 0.12734375
0 0.1984375 0.6609375 0.053125 0.09140625
0 0.24921875 0.6671875 0.04375 0.07578125
0 0.3109375 0.6671875 0.05078125 0.07890625
0 0.3578125 0.68515625 0.07265625 0.09140625
0 0.35546875 0.63046875 0.05703125 0.0453125
0 0.39453125 0.63671875 0.034375 0.06015625
0 0.40546875 0.6984375 0.0390625 0.0484375
0 0.446875 0.63671875 0.0609375 0.053125
0 0.4625 0.6890625 0.075 0.08046875
0 0.56640625 0.68828125 0.096875 0.07265625
0 0.54921875 0.70078125 0.059375 0.053125
0 0.63828125 0.68671875 0.05703125 0.0671875
0 0.68828125 0.6859375 0.08359375 0.0828125