0 0.8375 0.82421875 0.32421875 0.278125
0 0.140625 0.65390625 0.22734375 0.1875
0 0.096875 0.5 0.0984375 0.15
0 0.153125 0.5328125 0.0890625 0.0671875
0 0.25390625 0.7578125 0.19921875 0.303125
0 0.2171875 0.4640625 0.075 0.05
0 0.2625 0.5484375 0.14375 0.11484375
0 0.29296875 0.4453125 0.1078125 0.0984375
0 0.36328125 0.88984375 0.14375 0.203125
0 0.3203125 0.46953125 0.0484375 0.0703125
0 0.3421875 0.3890625 0.075 0.02734375
0 0.36484375 0.4703125 0.096875 0.05859375
0 0.4046875 0.61953125 0.17421875 0.246875
0 0.3703125 0.428125 0.07734375 0.0609375
0 0.4546875 0.44140625 0.09453125 0.1015625
0 0.4890625 0.41328125 0.07734375 0.08984375
0 0.58671875 0.8546875 0.26484375 0.25703125
0 0.55234375 0.59453125 0.1625 0.16796875
0 0.615625 0.7515625 0.2578125 0.225
0 0.78203125 0.9390625 0.43515625 0.12109375
0 0.6859375 0.62890625 0.19375 0.12734375
0 0.70078125 0.51328125 0.11484375 0.1375
0 0.7203125 0.42734375 0.0515625 0.0625
0 0.76015625 0.4734375 0.0953125 0.10703125
0 0.84140625 0.4359375 0.1046875 0.084375
0 0.97109375 0.48203125 0.05703125 0.1171875